Camera.trap.days	species	sd
1	1	1.11	0.399368187885502
2	2	1.81	0.563090318750649
3	3	2.51	0.870330251958846
4	4	2.94	1.00322711609318
5	5	3.41	1.09262911540851
6	6	3.78	1.12438535397897
7	7	4.17	1.24766448481419
8	8	4.53	1.3443108707333
9	9	4.81	1.44036330994873
10	10	5.18	1.50003366965579
11	11	5.42	1.57749321662087
12	12	5.65	1.61041433905512
13	13	5.87	1.53514385862259
14	14	6.12	1.5060819460716
15	15	6.43	1.54563575883515
16	16	6.66	1.51903744110366
17	17	6.9	1.52089819288844
18	18	7.05	1.54641978175854
19	19	7.22	1.54121819848895
20	20	7.4	1.50420286618071
21	21	7.57	1.43022919686166
22	22	7.69	1.42626870688606
23	23	7.83	1.45681956066056
24	24	8.06	1.48949181219161
25	25	8.23	1.45543217921098
26	26	8.45	1.49325080940811
27	27	8.63	1.50188433830857
28	28	8.71	1.4653920080899
29	29	8.81	1.45432132111528
30	30	9	1.49747261825525
31	31	9.12	1.57813340706832
32	32	9.19	1.561500185169
33	33	9.35	1.55293791299464
34	34	9.45	1.49325080940811
35	35	9.58	1.55166902646047
36	36	9.67	1.55735465946378
37	37	9.74	1.52169496140178
38	38	9.88	1.49936013288363
39	39	10.01	1.49406232206766
40	40	10.05	1.5
41	41	10.13	1.49514365378533
42	42	10.22	1.48105886227906
43	43	10.33	1.53777354468968
44	44	10.42	1.53201524374619
45	45	10.5	1.52752523165195
46	46	10.58	1.49868629341187
47	47	10.64	1.5076907219756
48	48	10.69	1.52219272993623
49	49	10.75	1.52669842497072
50	50	10.78	1.50809264779835
51	51	10.88	1.52606975230128
52	52	10.95	1.5200677815828
53	53	11	1.52421531393446
54	54	11.03	1.51394194142979
55	55	11.08	1.50876228623453
56	56	11.12	1.52606975230128
57	57	11.2	1.53082799276547
58	58	11.24	1.51170517140497
59	59	11.31	1.52881415720575
60	60	11.38	1.54252842417699
61	61	11.45	1.5200677815828
62	62	11.51	1.55371825117696
63	63	11.62	1.50943162759492
64	64	11.69	1.54197171429205
65	65	11.73	1.51660839048879
66	66	11.75	1.52669842497072
67	67	11.8	1.49747261825525
68	68	11.87	1.48837244171361
69	69	11.92	1.51544239632051
70	70	11.95	1.51340808786131
71	71	12	1.53741222957161
72	72	12.04	1.56940444214686
73	73	12.06	1.56876068952855
74	74	12.11	1.56924352875048
75	75	12.12	1.56527985041047
76	76	12.16	1.54867163672092
77	77	12.16	1.54867163672092
78	78	12.23	1.51660839048879
79	79	12.27	1.4964942196664
80	80	12.29	1.47226891483036
81	81	12.32	1.48989864749183
82	82	12.37	1.46787140603204
83	83	12.39	1.49000033896003
84	84	12.42	1.49193115989264
85	85	12.48	1.50070690413592
86	86	12.55	1.52669842497072
87	87	12.57	1.51260695422829
88	88	12.6	1.49747261825525
89	89	12.63	1.48837244171361
90	90	12.68	1.4694189052792
91	91	12.68	1.4694189052792
92	92	12.71	1.45848267633583
93	93	12.76	1.45727017523737
94	94	12.8	1.44948615067896
95	95	12.81	1.44735914162605
96	96	12.82	1.45907124188262
97	97	12.86	1.44264067640287
98	98	12.92	1.43322762118981
99	99	12.94	1.40576015598736
100	100	13	1.42842712113851
101	101	13.03	1.4456832294801
102	102	13.09	1.42201308437061
103	103	13.13	1.41174725182318
104	104	13.18	1.43815257475792
105	105	13.2	1.44948615067896
106	106	13.25	1.44512416019657
107	107	13.28	1.40762713152814
108	108	13.33	1.39302011848539
109	109	13.37	1.39011662907263
110	110	13.39	1.37726856018305
111	111	13.43	1.35776851986462
112	112	13.45	1.36607526006498
113	113	13.47	1.36666666666667
114	114	13.52	1.32938810257679
115	115	13.54	1.31364248015073
116	116	13.54	1.31364248015073
117	117	13.55	1.31329641541713
118	118	13.59	1.29564148925807
119	119	13.6	1.29490064358918
120	120	13.61	1.28625209210498
121	121	13.63	1.29220663200511
122	122	13.66	1.29661564128007
123	123	13.69	1.30031076316705
124	124	13.71	1.28938948829485
125	125	13.71	1.28938948829485
126	126	13.73	1.27013082917955
127	127	13.75	1.29782257429259
128	128	13.8	1.32573593055923
129	129	13.81	1.33102072170803
130	130	13.83	1.34881167302664
131	131	13.88	1.35795449262499
132	132	13.91	1.3416031417297
133	133	13.95	1.33617122231903
134	134	14.01	1.31421905220238
135	135	14.04	1.31748152767224
136	136	14.07	1.33526375406857
137	137	14.08	1.32329554941861
138	138	14.12	1.34299529546323
139	139	14.14	1.33348483987701
140	140	14.18	1.35124334812741
141	141	14.21	1.3279816841867
142	142	14.23	1.35478948381457
143	143	14.25	1.35120597088585
144	144	14.27	1.3322343956108
145	145	14.3	1.32192085522347
146	146	14.3	1.32192085522347
147	147	14.33	1.34130194553311
148	148	14.35	1.3734495390671
149	149	14.37	1.36814406471621
150	150	14.39	1.36252142972676
151	151	14.41	1.35657769047815
152	152	14.42	1.35721044868517
153	153	14.44	1.35825199607749
154	154	14.45	1.3586609569571
155	155	14.46	1.34404785869576
156	156	14.46	1.34404785869576
157	157	14.47	1.35180388273364
158	158	14.5	1.34464895347478
159	159	14.51	1.35210273950681
160	160	14.51	1.35210273950681
161	161	14.57	1.38720706253372
162	162	14.6	1.39262124764558
163	163	14.61	1.38458322504308
164	164	14.61	1.38458322504308
165	165	14.62	1.38374400621917
166	166	14.62	1.38374400621917
167	167	14.63	1.37550725262363
168	168	14.65	1.38078443522719
169	169	14.66	1.39421604632797
170	170	14.67	1.40744772226505
171	171	14.69	1.39765315562708
172	172	14.69	1.39765315562708
173	173	14.72	1.37862469896853
174	174	14.72	1.37862469896853
175	175	14.73	1.36961986910916
176	176	14.75	1.3734495390671
177	177	14.78	1.36018418241833
178	178	14.79	1.3506077943435
179	179	14.8	1.34839972492648
180	180	14.83	1.34130194553311
181	181	14.83	1.34130194553311
182	182	14.85	1.33617122231903
183	183	14.85	1.33617122231903
184	184	14.88	1.31256553467942
185	185	14.9	1.29879509040829
186	186	14.92	1.29240203895809
187	187	14.93	1.30465367516487
188	188	14.94	1.30128141972954
189	189	14.95	1.29782257429259
190	190	14.97	1.3139115785941
191	191	14.99	1.31421905220238
192	192	15.02	1.27904636192735
193	193	15.03	1.29064231131541
194	194	15.03	1.29064231131541
195	195	15.03	1.29064231131541
196	196	15.07	1.30465367516487
197	197	15.11	1.27044889863402
198	198	15.12	1.26554974679629
199	199	15.12	1.26554974679629
200	200	15.13	1.26853928563207
201	201	15.14	1.27936221484288
202	202	15.14	1.27936221484288
203	203	15.15	1.25830573921179
204	204	15.17	1.24766448481419
205	205	15.19	1.26885775404495
206	206	15.21	1.25766337774349
207	207	15.22	1.25190763528015
208	208	15.23	1.23791124173918
209	209	15.24	1.25625706691816
210	210	15.24	1.25625706691816
211	211	15.24	1.25625706691816
212	212	15.25	1.26630776414557
213	213	15.25	1.26630776414557
214	214	15.28	1.26395243485495
215	215	15.29	1.2736252243581
216	216	15.32	1.27032963192133
217	217	15.33	1.27172038092999
218	218	15.34	1.28880180827391
219	219	15.34	1.28880180827391
220	220	15.34	1.28880180827391
221	221	15.35	1.29001605189293
222	222	15.36	1.29115092342867
223	223	15.36	1.29115092342867
224	224	15.36	1.29115092342867
225	225	15.37	1.27647715976195
226	226	15.37	1.27647715976195
227	227	15.37	1.27647715976195
228	228	15.38	1.29318337149966
229	229	15.39	1.30186346628534
230	230	15.42	1.29630399228115
231	231	15.42	1.29630399228115
232	232	15.42	1.29630399228115
233	233	15.43	1.31237312999133
234	234	15.44	1.30515682714161
235	235	15.48	1.32176802316848
236	236	15.48	1.32176802316848
237	237	15.49	1.32188264886628
238	238	15.49	1.32188264886628
239	239	15.51	1.32188264886628
240	240	15.51	1.32188264886628
241	241	15.52	1.32938810257679
242	242	15.52	1.32938810257679
243	243	15.53	1.32919813299887
244	244	15.55	1.32859004781442
245	245	15.56	1.32054472996502
246	246	15.57	1.31237312999133
247	247	15.58	1.3117957466039
248	248	15.59	1.31114107139198
249	249	15.6	1.30267789455786
250	250	15.6	1.30267789455786
251	251	15.62	1.32405865169611
252	252	15.65	1.32859004781442
253	253	15.66	1.31977959592433
254	254	15.67	1.33374993491617
255	255	15.7	1.32192085522347
256	256	15.7	1.32192085522347
257	257	15.71	1.31268096395557
258	258	15.72	1.31102550653596
259	259	15.72	1.31102550653596
260	260	15.74	1.33045143094403
261	261	15.75	1.33617122231903
262	262	15.78	1.3377200564748
263	263	15.8	1.34088769029319
264	264	15.81	1.34611299749323
265	265	15.81	1.34611299749323
266	266	15.82	1.34374721047397
267	267	15.84	1.34630058030339
268	268	15.85	1.33617122231903
269	269	15.86	1.32588830524287
270	270	15.88	1.34299529546323
271	271	15.9	1.35214009195898
272	272	15.92	1.34600043525891
273	273	15.93	1.34280725092297
274	274	15.94	1.33953105016025
275	275	15.95	1.34370962471642
276	276	15.96	1.34780030292535
277	277	15.98	1.34073702028987
278	278	16	1.33333333333333
279	279	16.01	1.33707807467544
280	280	16.05	1.32859004781442
281	281	16.05	1.32859004781442
282	282	16.09	1.31882255413415
283	283	16.1	1.31425748134554
284	284	16.11	1.31728984101925
285	285	16.13	1.3
286	286	16.15	1.30558241966773
287	287	16.16	1.29271462864435
288	288	16.17	1.28750796800516
289	289	16.18	1.27429917360029
290	290	16.2	1.27920429813366
291	291	16.21	1.28938948829485
292	292	16.23	1.30155307384693
293	293	16.24	1.31133365685319
294	294	16.27	1.32463068990812
295	295	16.28	1.32634532426209
296	296	16.28	1.32634532426209
297	297	16.3	1.32192085522347
298	298	16.32	1.30174707779409
299	299	16.33	1.29532960588369
300	300	16.34	1.30438266678691
301	301	16.35	1.29782257429259
302	302	16.37	1.3
303	303	16.37	1.3
304	304	16.38	1.31640772290704
305	305	16.39	1.31728984101925
306	306	16.41	1.32645955441353
307	307	16.43	1.32004744328575
308	308	16.43	1.32004744328575
309	309	16.44	1.32817182775438
310	310	16.44	1.32817182775438
311	311	16.45	1.33617122231903
312	312	16.45	1.33617122231903
313	313	16.45	1.33617122231903
314	314	16.45	1.33617122231903
315	315	16.47	1.35180388273364
316	316	16.47	1.35180388273364
317	317	16.52	1.33696475176975
318	318	16.54	1.35154232884755
319	319	16.55	1.34370962471642
320	320	16.56	1.32054472996502
321	321	16.56	1.32054472996502
322	322	16.58	1.30407287396298
323	323	16.58	1.30407287396298
324	324	16.58	1.30407287396298
325	325	16.59	1.29564148925807
326	326	16.6	1.30267789455786
327	327	16.63	1.27647715976195
328	328	16.64	1.26746386396798
329	329	16.64	1.26746386396798
330	330	16.64	1.26746386396798
331	331	16.65	1.25830573921179
332	332	16.65	1.25830573921179
333	333	16.65	1.25830573921179
334	334	16.66	1.24899959967968
335	335	16.67	1.22313556323925
336	336	16.69	1.22840949971494
337	337	16.69	1.22840949971494
338	338	16.7	1.22680499878771
339	339	16.72	1.20671521750644
340	340	16.73	1.21318513913507
341	341	16.75	1.20079939703482
342	342	16.75	1.20079939703482
343	343	16.77	1.17941091270604
344	344	16.79	1.19167991092449
345	345	16.8	1.19764077850724
346	346	16.83	1.18112256140102
347	347	16.83	1.18112256140102
348	348	16.83	1.18112256140102
349	349	16.84	1.17825414418233
350	350	16.84	1.17825414418233
351	351	16.84	1.17825414418233
352	352	16.85	1.16666666666667
353	353	16.88	1.14838490010444
354	354	16.9	1.15031835733953
355	355	16.92	1.15189786303677
356	356	16.93	1.15692905940029
357	357	16.95	1.15797629116882
358	358	16.97	1.13221870321912
359	359	16.97	1.13221870321912
360	360	16.98	1.12797306365145
361	361	16.99	1.14145928220383
362	362	17	1.13707048722992
363	363	17	1.13707048722992
364	364	17.01	1.15902257671425
365	365	17.01	1.15902257671425
366	366	17.02	1.16324172601025
367	367	17.04	1.17996747087504
368	368	17.06	1.17911111872589
369	369	17.07	1.16562724259811
370	370	17.07	1.16562724259811
371	371	17.07	1.16562724259811
372	372	17.1	1.16774841624228
373	373	17.11	1.15378166097929
374	374	17.12	1.17447602759441
375	375	17.14	1.16358901418817
376	376	17.15	1.15797629116882
377	377	17.18	1.1580199052737
378	378	17.2	1.16341538305773
379	379	17.2	1.16341538305773
380	380	17.21	1.16597382024424
381	381	17.22	1.15102062746438
382	382	17.22	1.15102062746438
383	383	17.23	1.16215578155687
384	384	17.23	1.16215578155687
385	385	17.24	1.16445678149066
386	386	17.24	1.16445678149066
387	387	17.24	1.16445678149066
388	388	17.25	1.17529278535739
389	389	17.26	1.18594462200587
390	390	17.28	1.16410975219329
391	391	17.32	1.14486115782966
392	392	17.32	1.14486115782966
393	393	17.32	1.14486115782966
394	394	17.32	1.14486115782966
395	395	17.33	1.13755896728056
396	396	17.34	1.13012022244172
397	397	17.34	1.13012022244172
398	398	17.35	1.11350751676807
399	399	17.35	1.11350751676807
400	400	17.35	1.11350751676807
401	401	17.35	1.11350751676807
402	402	17.36	1.1238462096881
403	403	17.36	1.1238462096881
404	404	17.37	1.10695688053037
405	405	17.37	1.10695688053037
406	406	17.37	1.10695688053037
407	407	17.37	1.10695688053037
408	408	17.38	1.10809692169899
409	409	17.38	1.10809692169899
410	410	17.4	1.11010055054632
411	411	17.41	1.1200198410941
412	412	17.41	1.1200198410941
413	413	17.41	1.1200198410941
414	414	17.42	1.12976264602953
415	415	17.43	1.13933349291628
416	416	17.44	1.13101366887935
417	417	17.45	1.13150476371204
418	418	17.46	1.1319064100941
419	419	17.46	1.1319064100941
420	420	17.47	1.13221870321912
421	421	17.47	1.13221870321912
422	422	17.47	1.13221870321912
423	423	17.47	1.13221870321912
424	424	17.48	1.12348663642351
425	425	17.5	1.11464085804543
426	426	17.51	1.11459554652046
427	427	17.51	1.11459554652046
428	428	17.51	1.11459554652046
429	429	17.52	1.12348663642351
430	430	17.53	1.13221870321912
431	431	17.53	1.13221870321912
432	432	17.54	1.1319064100941
433	433	17.54	1.1319064100941
434	434	17.55	1.14039688288992
435	435	17.57	1.12146188864213
436	436	17.57	1.12146188864213
437	437	17.59	1.11096463681002
438	438	17.61	1.1272116307979
439	439	17.63	1.12505892101595
440	440	17.63	1.12505892101595
441	441	17.64	1.14168049095811
442	442	17.65	1.12254220860554
443	443	17.65	1.12254220860554
444	444	17.66	1.11210056953842
445	445	17.69	1.10732182140587
446	446	17.7	1.11464085804543
447	447	17.7	1.11464085804543
448	448	17.7	1.11464085804543
449	449	17.7	1.11464085804543
450	450	17.7	1.11464085804543
451	451	17.7	1.11464085804543
452	452	17.7	1.11464085804543
453	453	17.73	1.09963262919573
454	454	17.73	1.09963262919573
455	455	17.73	1.09963262919573
456	456	17.73	1.09963262919573
457	457	17.73	1.09963262919573
458	458	17.73	1.09963262919573
459	459	17.73	1.09963262919573
460	460	17.76	1.1020641789594
461	461	17.76	1.1020641789594
462	462	17.76	1.1020641789594
463	463	17.78	1.09710362483968
464	464	17.78	1.09710362483968
465	465	17.8	1.11010055054632
466	466	17.8	1.11010055054632
467	467	17.8	1.11010055054632
468	468	17.8	1.11010055054632
469	469	17.8	1.11010055054632
470	470	17.8	1.11010055054632
471	471	17.8	1.11010055054632
472	472	17.8	1.11010055054632
473	473	17.8	1.11010055054632
474	474	17.8	1.11010055054632
475	475	17.83	1.12864448957073
476	476	17.83	1.12864448957073
477	477	17.83	1.12864448957073
478	478	17.83	1.12864448957073
479	479	17.83	1.12864448957073
480	480	17.85	1.13150476371204
481	481	17.86	1.13724814061547
482	482	17.86	1.13724814061547
483	483	17.86	1.13724814061547
484	484	17.86	1.13724814061547
485	485	17.87	1.134001585519
486	486	17.87	1.134001585519
487	487	17.88	1.11264540532004
488	488	17.88	1.11264540532004
489	489	17.89	1.11821466651267
490	490	17.89	1.11821466651267
491	491	17.89	1.11821466651267
492	492	17.9	1.10554159678513
493	493	17.91	1.11096463681002
494	494	17.91	1.11096463681002
495	495	17.91	1.11096463681002
496	496	17.91	1.11096463681002
497	497	17.91	1.11096463681002
498	498	17.92	1.11627084798476
499	499	17.92	1.11627084798476
500	500	17.93	1.12146188864213
501	501	17.93	1.12146188864213
502	502	17.93	1.12146188864213
503	503	17.94	1.12653935088434
504	504	17.95	1.12254220860554
505	505	17.95	1.12254220860554
506	506	17.95	1.12254220860554
507	507	17.95	1.12254220860554
508	508	17.95	1.12254220860554
509	509	17.95	1.12254220860554
510	510	17.95	1.12254220860554
511	511	17.95	1.12254220860554
512	512	17.95	1.12254220860554
513	513	17.97	1.14992314192003
514	514	17.97	1.14992314192003
515	515	17.98	1.1457431093955
516	516	17.98	1.1457431093955
517	517	17.98	1.1457431093955
518	518	17.98	1.1457431093955
519	519	18	1.14591941825388
520	520	18.02	1.11898222153938
521	521	18.02	1.11898222153938
522	522	18.02	1.11898222153938
523	523	18.03	1.13221870321912
524	524	18.04	1.13635959595241
525	525	18.04	1.13635959595241
526	526	18.04	1.13635959595241
527	527	18.05	1.14922020113948
528	528	18.05	1.14922020113948
529	529	18.06	1.14433166061896
530	530	18.06	1.14433166061896
531	531	18.07	1.13043300901857
532	532	18.07	1.13043300901857
533	533	18.07	1.13043300901857
534	534	18.07	1.13043300901857
535	535	18.08	1.14309521329882
536	536	18.08	1.14309521329882
537	537	18.08	1.14309521329882
538	538	18.08	1.14309521329882
539	539	18.11	1.10914472464238
540	540	18.14	1.11028251932887
541	541	18.14	1.11028251932887
542	542	18.15	1.11350751676807
543	543	18.16	1.10754984838908
544	544	18.16	1.10754984838908
545	545	18.16	1.10754984838908
546	546	18.16	1.10754984838908
547	547	18.17	1.11060089295586
548	548	18.19	1.10732182140587
549	549	18.2	1.11010055054632
550	550	18.21	1.12182211089141
551	551	18.23	1.10878038375232
552	552	18.23	1.10878038375232
553	553	18.23	1.10878038375232
554	554	18.23	1.10878038375232
555	555	18.23	1.10878038375232
556	556	18.24	1.09286020805199
557	557	18.24	1.09286020805199
558	558	18.25	1.10439891782678
559	559	18.27	1.10878038375232
560	560	18.27	1.10878038375232
561	561	18.27	1.10878038375232
562	562	18.27	1.10878038375232
563	563	18.27	1.10878038375232
564	564	18.27	1.10878038375232
565	565	18.27	1.10878038375232
566	566	18.28	1.10169749647413
567	567	18.29	1.11278157258414
568	568	18.29	1.11278157258414
569	569	18.31	1.11640657305645
570	570	18.31	1.11640657305645
571	571	18.32	1.1180791609278
572	572	18.32	1.1180791609278
573	573	18.32	1.1180791609278
574	574	18.32	1.1180791609278
575	575	18.34	1.11210056953842
576	576	18.34	1.11210056953842
577	577	18.34	1.11210056953842
578	578	18.34	1.11210056953842
579	579	18.34	1.11210056953842
580	580	18.34	1.11210056953842
581	581	18.34	1.11210056953842
582	582	18.35	1.11350751676807
583	583	18.36	1.1238462096881
584	584	18.36	1.1238462096881
585	585	18.36	1.1238462096881
586	586	18.36	1.1238462096881
587	587	18.36	1.1238462096881
588	588	18.36	1.1238462096881
589	589	18.36	1.1238462096881
590	590	18.36	1.1238462096881
591	591	18.36	1.1238462096881
592	592	18.37	1.11604460285221
593	593	18.37	1.11604460285221
594	594	18.37	1.11604460285221
595	595	18.37	1.11604460285221
596	596	18.37	1.11604460285221
597	597	18.37	1.11604460285221
598	598	18.38	1.10809692169899
599	599	18.38	1.10809692169899
600	600	18.39	1.09077861172558
601	601	18.41	1.09262911540851
602	602	18.41	1.09262911540851
603	603	18.43	1.09410726488343
604	604	18.44	1.09470719298991
605	605	18.44	1.09470719298991
606	606	18.47	1.09595214818491
607	607	18.47	1.09595214818491
608	608	18.47	1.09595214818491
609	609	18.47	1.09595214818491
610	610	18.48	1.09618254028066
611	611	18.48	1.09618254028066
612	612	18.48	1.09618254028066
613	613	18.48	1.09618254028066
614	614	18.49	1.08706815412704
615	615	18.52	1.09618254028066
616	616	18.53	1.10513036846932
617	617	18.53	1.10513036846932
618	618	18.54	1.1139156524657
619	619	18.55	1.09521456778795
620	620	18.56	1.08544084047995
621	621	18.56	1.08544084047995
622	622	18.56	1.08544084047995
623	623	18.56	1.08544084047995
624	624	18.56	1.08544084047995
625	625	18.57	1.08483578797378
626	626	18.59	1.07398060663791
627	627	18.59	1.07398060663791
628	628	18.6	1.06363204695662
629	629	18.61	1.07209791502173
630	630	18.61	1.07209791502173
631	631	18.61	1.07209791502173
632	632	18.63	1.06983431172563
633	633	18.63	1.06983431172563
634	634	18.63	1.06983431172563
635	635	18.63	1.06983431172563
636	636	18.63	1.06983431172563
637	637	18.63	1.06983431172563
638	638	18.63	1.06983431172563
639	639	18.64	1.06855892763019
640	640	18.64	1.06855892763019
641	641	18.64	1.06855892763019
642	642	18.64	1.06855892763019
643	643	18.64	1.06855892763019
644	644	18.65	1.07661084384791
645	645	18.67	1.05461946797043
646	646	18.67	1.05461946797043
647	647	18.67	1.05461946797043
648	648	18.67	1.05461946797043
649	649	18.68	1.03357768371943
650	650	18.69	1.03176812053167
651	651	18.69	1.03176812053167
652	652	18.71	1.04731498932684
653	653	18.71	1.04731498932684
654	654	18.71	1.04731498932684
655	655	18.73	1.03333333333333
656	656	18.73	1.03333333333333
657	657	18.73	1.03333333333333
658	658	18.73	1.03333333333333
659	659	18.73	1.03333333333333
660	660	18.73	1.03333333333333
661	661	18.74	1.03103360906922
662	662	18.74	1.03103360906922
663	663	18.75	1.0286305498481
664	664	18.76	1.02612342967564
665	665	18.76	1.02612342967564
666	666	18.76	1.02612342967564
667	667	18.78	1.02079390771115
668	668	18.79	1.03762549441823
669	669	18.8	1.04446593573419
670	670	18.8	1.04446593573419
671	671	18.8	1.04446593573419
672	672	18.8	1.04446593573419
673	673	18.82	1.06723469723857
674	674	18.84	1.07984286174453
675	675	18.84	1.07984286174453
676	676	18.85	1.08595254467814
677	677	18.85	1.08595254467814
678	678	18.85	1.08595254467814
679	679	18.87	1.08855385486869
680	680	18.87	1.08855385486869
681	681	18.88	1.10352969048312
682	682	18.88	1.10352969048312
683	683	18.89	1.1
684	684	18.89	1.1
685	685	18.9	1.09636681909852
686	686	18.91	1.09262911540851
687	687	18.92	1.08878581247854
688	688	18.92	1.08878581247854
689	689	18.93	1.09410726488343
690	690	18.93	1.09410726488343
691	691	18.94	1.07139105273415
692	692	18.94	1.07139105273415
693	693	18.94	1.07139105273415
694	694	18.94	1.07139105273415
695	695	18.96	1.07233343223971
696	696	18.96	1.07233343223971
697	697	18.96	1.07233343223971
698	698	18.98	1.08227220758603
699	699	18.98	1.08227220758603
700	700	18.98	1.08227220758603
701	701	18.98	1.08227220758603
702	702	18.98	1.08227220758603
703	703	18.98	1.08227220758603
704	704	18.98	1.08227220758603
705	705	18.99	1.08706815412704
706	706	18.99	1.08706815412704
707	707	18.99	1.08706815412704
708	708	18.99	1.08706815412704
709	709	18.99	1.08706815412704
710	710	18.99	1.08706815412704
711	711	19	1.08245885451465
712	712	19.01	1.08706815412704
713	713	19.02	1.09156545910685
714	714	19.03	1.08669641156539
715	715	19.05	1.08595254467814
716	716	19.05	1.08595254467814
717	717	19.05	1.08595254467814
718	718	19.07	1.08483578797378
719	719	19.08	1.07946863097198
720	720	19.08	1.07946863097198
721	721	19.08	1.07946863097198
722	722	19.08	1.07946863097198
723	723	19.1	1.06836985235177
724	724	19.11	1.04344998863763
725	725	19.12	1.04717030924566
726	726	19.12	1.04717030924566
727	727	19.13	1.04112410112311
728	728	19.13	1.04112410112311
729	729	19.13	1.04112410112311
730	730	19.14	1.04465933744601
731	731	19.15	1.0480862791225
732	732	19.15	1.0480862791225
733	733	19.15	1.0480862791225
734	734	19.16	1.0609696346534
735	735	19.17	1.05461946797043
736	736	19.17	1.05461946797043
737	737	19.17	1.05461946797043
738	738	19.18	1.06723469723857
739	739	19.18	1.06723469723857
740	740	19.19	1.07960898271344
741	741	19.2	1.06363204695662
742	742	19.2	1.06363204695662
743	743	19.2	1.06363204695662
744	744	19.2	1.06363204695662
745	745	19.2	1.06363204695662
746	746	19.2	1.06363204695662
747	747	19.2	1.06363204695662
748	748	19.2	1.06363204695662
749	749	19.2	1.06363204695662
750	750	19.2	1.06363204695662
751	751	19.2	1.06363204695662
752	752	19.21	1.05691565750097
753	753	19.22	1.06912595283732
754	754	19.22	1.06912595283732
755	755	19.22	1.06912595283732
756	756	19.22	1.06912595283732
757	757	19.22	1.06912595283732
758	758	19.22	1.06912595283732
759	759	19.22	1.06912595283732
760	760	19.23	1.08110493421678
761	761	19.23	1.08110493421678
762	762	19.23	1.08110493421678
763	763	19.23	1.08110493421678
764	764	19.24	1.08357806093581
765	765	19.25	1.08595254467814
766	766	19.25	1.08595254467814
767	767	19.25	1.08595254467814
768	768	19.25	1.08595254467814
769	769	19.25	1.08595254467814
770	770	19.25	1.08595254467814
771	771	19.25	1.08595254467814
772	772	19.25	1.08595254467814
773	773	19.25	1.08595254467814
774	774	19.25	1.08595254467814
775	775	19.25	1.08595254467814
776	776	19.26	1.09747184221029
777	777	19.26	1.09747184221029
778	778	19.26	1.09747184221029
779	779	19.26	1.09747184221029
780	780	19.26	1.09747184221029
781	781	19.26	1.09747184221029
782	782	19.27	1.07172097981978
783	783	19.27	1.07172097981978
784	784	19.27	1.07172097981978
785	785	19.28	1.06439151299195
786	786	19.28	1.06439151299195
787	787	19.3	1.05887304300946
788	788	19.3	1.05887304300946
789	789	19.3	1.05887304300946
790	790	19.3	1.05887304300946
791	791	19.31	1.05116577900419
792	792	19.31	1.05116577900419
793	793	19.31	1.05116577900419
794	794	19.31	1.05116577900419
795	795	19.31	1.05116577900419
796	796	19.33	1.05461946797043
797	797	19.35	1.0480862791225
798	798	19.35	1.0480862791225
799	799	19.36	1.04948279710253
800	800	19.36	1.04948279710253
801	801	19.36	1.04948279710253
802	802	19.37	1.03137644618121
803	803	19.38	1.03259993524241
804	804	19.38	1.03259993524241
805	805	19.4	1.04446593573419
806	806	19.4	1.04446593573419
807	807	19.4	1.04446593573419
808	808	19.41	1.03567671723674
809	809	19.41	1.03567671723674
810	810	19.41	1.03567671723674
811	811	19.41	1.03567671723674
812	812	19.41	1.03567671723674
813	813	19.42	1.02671389108233
814	814	19.42	1.02671389108233
815	815	19.43	1.00759740236492
816	816	19.43	1.00759740236492
817	817	19.44	0.988008915021325
818	818	19.44	0.988008915021325
819	819	19.44	0.988008915021325
820	820	19.45	0.998736575616788
821	821	19.45	0.998736575616788
822	822	19.45	0.998736575616788
823	823	19.45	0.998736575616788
824	824	19.45	0.998736575616788
825	825	19.47	0.999545351192686
826	826	19.47	0.999545351192686
827	827	19.47	0.999545351192686
828	828	19.47	0.999545351192686
829	829	19.47	0.999545351192686
830	830	19.48	0.989643339488494
831	831	19.48	0.989643339488494
832	832	19.49	0.989796428411908
833	833	19.49	0.989796428411908
834	834	19.49	0.989796428411908
835	835	19.5	0.979589689408764
836	836	19.51	0.969171259010981
837	837	19.51	0.969171259010981
838	838	19.51	0.969171259010981
839	839	19.51	0.969171259010981
840	840	19.51	0.969171259010981
841	841	19.51	0.969171259010981
842	842	19.51	0.969171259010981
843	843	19.52	0.969014911644759
844	844	19.52	0.969014911644759
845	845	19.54	0.968389269755597
846	846	19.55	0.94681816969503
847	847	19.55	0.94681816969503
848	848	19.55	0.94681816969503
849	849	19.56	0.946231227213272
850	850	19.56	0.946231227213272
851	851	19.56	0.946231227213272
852	852	19.56	0.946231227213272
853	853	19.56	0.946231227213272
854	854	19.58	0.955367611303247
855	855	19.59	0.964993327029841
856	856	19.59	0.964993327029841
857	857	19.59	0.964993327029841
858	858	19.6	0.963998407308295
859	859	19.61	0.9733312577811
860	860	19.64	0.958955660912411
861	861	19.64	0.958955660912411
862	862	19.64	0.958955660912411
863	863	19.64	0.958955660912411
864	864	19.64	0.958955660912411
865	865	19.64	0.958955660912411
866	866	19.64	0.958955660912411
867	867	19.64	0.958955660912411
868	868	19.64	0.958955660912411
869	869	19.64	0.958955660912411
870	870	19.64	0.958955660912411
871	871	19.65	0.957427107756338
872	872	19.65	0.957427107756338
873	873	19.66	0.966300871228715
874	874	19.66	0.966300871228715
875	875	19.66	0.966300871228715
876	876	19.66	0.966300871228715
877	877	19.67	0.964574538542274
878	878	19.67	0.964574538542274
879	879	19.67	0.964574538542274
880	880	19.67	0.964574538542274
881	881	19.68	0.97317557874759
882	882	19.68	0.97317557874759
883	883	19.68	0.97317557874759
884	884	19.68	0.97317557874759
885	885	19.68	0.97317557874759
886	886	19.68	0.97317557874759
887	887	19.68	0.97317557874759
888	888	19.69	0.971253485622231
889	889	19.69	0.971253485622231
890	890	19.69	0.971253485622231
891	891	19.7	0.958744970882205
892	892	19.7	0.958744970882205
893	893	19.72	0.954309735205017
894	894	19.72	0.954309735205017
895	895	19.72	0.954309735205017
896	896	19.72	0.954309735205017
897	897	19.72	0.954309735205017
898	898	19.72	0.954309735205017
899	899	19.72	0.954309735205017
900	900	19.73	0.96247786279147
901	901	19.73	0.96247786279147
902	902	19.73	0.96247786279147
903	903	19.73	0.96247786279147
904	904	19.73	0.96247786279147
905	905	19.74	0.970473174187819
906	906	19.74	0.970473174187819
907	907	19.75	0.978299906506541
908	908	19.75	0.978299906506541
909	909	19.76	0.975663462429127
910	910	19.76	0.975663462429127
911	911	19.77	0.972916058334765
912	912	19.77	0.972916058334765
913	913	19.77	0.972916058334765
914	914	19.79	0.977473552304381
915	915	19.79	0.977473552304381
916	916	19.79	0.977473552304381
917	917	19.79	0.977473552304381
918	918	19.8	0.974420314594759
919	919	19.8	0.974420314594759
920	920	19.8	0.974420314594759
921	921	19.8	0.974420314594759
922	922	19.8	0.974420314594759
923	923	19.8	0.974420314594759
924	924	19.8	0.974420314594759
925	925	19.8	0.974420314594759
926	926	19.81	0.96079722789531
927	927	19.81	0.96079722789531
928	928	19.81	0.96079722789531
929	929	19.81	0.96079722789531
930	930	19.81	0.96079722789531
931	931	19.81	0.96079722789531
932	932	19.81	0.96079722789531
933	933	19.82	0.967971950507708
934	934	19.82	0.967971950507708
935	935	19.82	0.967971950507708
936	936	19.82	0.967971950507708
937	937	19.82	0.967971950507708
938	938	19.82	0.967971950507708
939	939	19.82	0.967971950507708
940	940	19.82	0.967971950507708
941	941	19.82	0.967971950507708
942	942	19.82	0.967971950507708
943	943	19.84	0.950491632490441
944	944	19.84	0.950491632490441
945	945	19.84	0.950491632490441
946	946	19.84	0.950491632490441
947	947	19.84	0.950491632490441
948	948	19.85	0.936089005523848
949	949	19.86	0.943023292020366
950	950	19.86	0.943023292020366
951	951	19.86	0.943023292020366
952	952	19.88	0.945804131173815
953	953	19.88	0.945804131173815
954	954	19.88	0.945804131173815
955	955	19.89	0.952349566582406
956	956	19.89	0.952349566582406
957	957	19.89	0.952349566582406
958	958	19.9	0.926599081904282
959	959	19.9	0.926599081904282
960	960	19.9	0.926599081904282
961	961	19.9	0.926599081904282
962	962	19.9	0.926599081904282
963	963	19.9	0.926599081904282
964	964	19.9	0.926599081904282
965	965	19.91	0.933062731334855
966	966	19.91	0.933062731334855
967	967	19.91	0.933062731334855
968	968	19.91	0.933062731334855
969	969	19.91	0.933062731334855
970	970	19.91	0.933062731334855
971	971	19.91	0.933062731334855
972	972	19.91	0.933062731334855
973	973	19.91	0.933062731334855
974	974	19.91	0.933062731334855
975	975	19.91	0.933062731334855
976	976	19.91	0.933062731334855
977	977	19.91	0.933062731334855
978	978	19.91	0.933062731334855
979	979	19.92	0.939374388848367
980	980	19.93	0.923924436107393
981	981	19.93	0.923924436107393
982	982	19.93	0.923924436107393
983	983	19.93	0.923924436107393
984	984	19.93	0.923924436107393
985	985	19.94	0.908100470568353
986	986	19.95	0.903137069140983
987	987	19.95	0.903137069140983
988	988	19.95	0.903137069140983
989	989	19.95	0.903137069140983
990	990	19.96	0.898033766884434
991	991	19.96	0.898033766884434
992	992	19.97	0.904031375159473
993	993	19.97	0.904031375159473
994	994	19.97	0.904031375159473
995	995	19.97	0.904031375159473
996	996	19.97	0.904031375159473
997	997	19.97	0.904031375159473
998	998	19.97	0.904031375159473
999	999	19.97	0.904031375159473
1000	1000	19.98	0.887397739164771
1001	1001	19.98	0.887397739164771
1002	1002	19.98	0.887397739164771
1003	1003	19.98	0.887397739164771
1004	1004	19.98	0.887397739164771
1005	1005	19.98	0.887397739164771
1006	1006	19.98	0.887397739164771
1007	1007	19.98	0.887397739164771
1008	1008	19.98	0.887397739164771
1009	1009	19.98	0.887397739164771
1010	1010	19.98	0.887397739164771
1011	1011	19.98	0.887397739164771
1012	1012	19.98	0.887397739164771
1013	1013	19.98	0.887397739164771
1014	1014	19.98	0.887397739164771
1015	1015	19.98	0.887397739164771
1016	1016	19.98	0.887397739164771
1017	1017	19.98	0.887397739164771
1018	1018	19.98	0.887397739164771
1019	1019	19.98	0.887397739164771
1020	1020	19.98	0.887397739164771
1021	1021	19.98	0.887397739164771
1022	1022	19.98	0.887397739164771
1023	1023	19.98	0.887397739164771
1024	1024	19.99	0.881859834484351
1025	1025	19.99	0.881859834484351
1026	1026	20	0.876171654230361
1027	1027	20	0.876171654230361
1028	1028	20	0.876171654230361
1029	1029	20	0.876171654230361
1030	1030	20	0.876171654230361
1031	1031	20.01	0.881859834484351
1032	1032	20.02	0.875941052396066
1033	1033	20.02	0.875941052396066
1034	1034	20.02	0.875941052396066
1035	1035	20.03	0.869865890046659
1036	1036	20.03	0.869865890046659
1037	1037	20.04	0.863631047298895
1038	1038	20.04	0.863631047298895
1039	1039	20.04	0.863631047298895
1040	1040	20.04	0.863631047298895
1041	1041	20.04	0.863631047298895
1042	1042	20.04	0.863631047298895
1043	1043	20.04	0.863631047298895
1044	1044	20.04	0.863631047298895
1045	1045	20.06	0.874094047594653
1046	1046	20.07	0.867540352160211
1047	1047	20.07	0.867540352160211
1048	1048	20.07	0.867540352160211
1049	1049	20.07	0.867540352160211
1050	1050	20.07	0.867540352160211
1051	1051	20.07	0.867540352160211
1052	1052	20.07	0.867540352160211
1053	1053	20.08	0.860819435776227
1054	1054	20.08	0.860819435776227
1055	1055	20.08	0.860819435776227
1056	1056	20.08	0.860819435776227
1057	1057	20.08	0.860819435776227
1058	1058	20.09	0.865675423813071
1059	1059	20.09	0.865675423813071
1060	1060	20.1	0.834847109936722
1061	1061	20.11	0.839612705328769
1062	1062	20.12	0.819953189104861
1063	1063	20.12	0.819953189104861
1064	1064	20.12	0.819953189104861
1065	1065	20.12	0.819953189104861
1066	1066	20.13	0.812217316792107
1067	1067	20.13	0.812217316792107
1068	1068	20.13	0.812217316792107
1069	1069	20.14	0.791622805802528
1070	1070	20.15	0.79613967608604
1071	1071	20.15	0.79613967608604
1072	1072	20.17	0.804720919061856
1073	1073	20.17	0.804720919061856
1074	1074	20.17	0.804720919061856
1075	1075	20.17	0.804720919061856
1076	1076	20.18	0.78341392235355
1077	1077	20.19	0.787464926267202
1078	1078	20.2	0.778498944161523
1079	1079	20.22	0.773030243635886
1080	1080	20.22	0.773030243635886
1081	1081	20.22	0.773030243635886
1082	1082	20.22	0.773030243635886
1083	1083	20.22	0.773030243635886
1084	1084	20.22	0.773030243635886
1085	1085	20.22	0.773030243635886
1086	1086	20.22	0.773030243635886
1087	1087	20.22	0.773030243635886
1088	1088	20.22	0.773030243635886
1089	1089	20.22	0.773030243635886
1090	1090	20.22	0.773030243635886
1091	1091	20.23	0.77661529287757
1092	1092	20.23	0.77661529287757
1093	1093	20.23	0.77661529287757
1094	1094	20.23	0.77661529287757
1095	1095	20.23	0.77661529287757
1096	1096	20.23	0.77661529287757
1097	1097	20.23	0.77661529287757
1098	1098	20.23	0.77661529287757
1099	1099	20.24	0.766995976705764
1100	1100	20.24	0.766995976705764
1101	1101	20.24	0.766995976705764
1102	1102	20.24	0.766995976705764
1103	1103	20.25	0.770346898114313
1104	1104	20.25	0.770346898114313
1105	1105	20.25	0.770346898114313
1106	1106	20.25	0.770346898114313
1107	1107	20.25	0.770346898114313
1108	1108	20.25	0.770346898114313
1109	1109	20.25	0.770346898114313
1110	1110	20.26	0.760382678775508
1111	1111	20.26	0.760382678775508
1112	1112	20.26	0.760382678775508
1113	1113	20.26	0.760382678775508
1114	1114	20.27	0.763498063474488
1115	1115	20.27	0.763498063474488
1116	1116	20.29	0.769297199928728
1117	1117	20.29	0.769297199928728
1118	1118	20.3	0.758786910639328
1119	1119	20.32	0.763828739597001
1120	1120	20.32	0.763828739597001
1121	1121	20.32	0.763828739597001
1122	1122	20.32	0.763828739597001
1123	1123	20.33	0.766139476185438
1124	1124	20.33	0.766139476185438
1125	1125	20.33	0.766139476185438
1126	1126	20.35	0.757121075675696
1127	1127	20.35	0.757121075675696
1128	1128	20.35	0.757121075675696
1129	1129	20.36	0.745626981780834
1130	1130	20.36	0.745626981780834
1131	1131	20.36	0.745626981780834
1132	1132	20.36	0.745626981780834
1133	1133	20.36	0.745626981780834
1134	1134	20.37	0.719918626153559
1135	1135	20.39	0.70917507917953
1136	1136	20.39	0.70917507917953
1137	1137	20.41	0.71201804539611
1138	1138	20.41	0.71201804539611
1139	1139	20.42	0.713222874483754
1140	1140	20.42	0.713222874483754
1141	1141	20.42	0.713222874483754
1142	1142	20.42	0.713222874483754
1143	1143	20.42	0.713222874483754
1144	1144	20.42	0.713222874483754
1145	1145	20.42	0.713222874483754
1146	1146	20.42	0.713222874483754
1147	1147	20.42	0.713222874483754
1148	1148	20.42	0.713222874483754
1149	1149	20.42	0.713222874483754
1150	1150	20.43	0.714284271282814
1151	1151	20.43	0.714284271282814
1152	1152	20.43	0.714284271282814
1153	1153	20.43	0.714284271282814
1154	1154	20.44	0.715202874375622
1155	1155	20.45	0.715979233376404
1156	1156	20.46	0.716613810594907
1157	1157	20.46	0.716613810594907
1158	1158	20.46	0.716613810594907
1159	1159	20.46	0.716613810594907
1160	1160	20.46	0.716613810594907
1161	1161	20.46	0.716613810594907
1162	1162	20.46	0.716613810594907
1163	1163	20.46	0.716613810594907
1164	1164	20.47	0.717106982424815
1165	1165	20.48	0.717459040466754
1166	1166	20.48	0.717459040466754
1167	1167	20.48	0.717459040466754
1168	1168	20.48	0.717459040466754
1169	1169	20.48	0.717459040466754
1170	1170	20.48	0.717459040466754
1171	1171	20.48	0.717459040466754
1172	1172	20.48	0.717459040466754
1173	1173	20.48	0.717459040466754
1174	1174	20.48	0.717459040466754
1175	1175	20.48	0.717459040466754
1176	1176	20.48	0.717459040466754
1177	1177	20.49	0.688945908360348
1178	1178	20.49	0.688945908360348
1179	1179	20.5	0.689019212175883
1180	1180	20.5	0.689019212175883
1181	1181	20.5	0.689019212175883
1182	1182	20.5	0.689019212175883
1183	1183	20.5	0.689019212175883
1184	1184	20.5	0.689019212175883
1185	1185	20.5	0.689019212175883
1186	1186	20.5	0.689019212175883
1187	1187	20.5	0.689019212175883
1188	1188	20.51	0.674124947205223
1189	1189	20.51	0.674124947205223
1190	1190	20.52	0.658740763836119
1191	1191	20.52	0.658740763836119
1192	1192	20.52	0.658740763836119
1193	1193	20.52	0.658740763836119
1194	1194	20.52	0.658740763836119
1195	1195	20.52	0.658740763836119
1196	1196	20.52	0.658740763836119
1197	1197	20.53	0.65835730681321
1198	1198	20.53	0.65835730681321
1199	1199	20.53	0.65835730681321
1200	1200	20.55	0.625630994607957
1201	1201	20.56	0.624742371144322
1202	1202	20.57	0.623690547459154
1203	1203	20.57	0.623690547459154
1204	1204	20.57	0.623690547459154
1205	1205	20.57	0.623690547459154
1206	1206	20.57	0.623690547459154
1207	1207	20.57	0.623690547459154
1208	1208	20.57	0.623690547459154
1209	1209	20.57	0.623690547459154
1210	1210	20.57	0.623690547459154
1211	1211	20.57	0.623690547459154
1212	1212	20.57	0.623690547459154
1213	1213	20.57	0.623690547459154
1214	1214	20.57	0.623690547459154
1215	1215	20.58	0.622474696252585
1216	1216	20.58	0.622474696252585
1217	1217	20.58	0.622474696252585
1218	1218	20.58	0.622474696252585
1219	1219	20.58	0.622474696252585
1220	1220	20.58	0.622474696252585
1221	1221	20.58	0.622474696252585
1222	1222	20.58	0.622474696252585
1223	1223	20.58	0.622474696252585
1224	1224	20.59	0.621093854226216
1225	1225	20.59	0.621093854226216
1226	1226	20.59	0.621093854226216
1227	1227	20.59	0.621093854226216
1228	1228	20.6	0.619546918189723
1229	1229	20.6	0.619546918189723
1230	1230	20.6	0.619546918189723
1231	1231	20.6	0.619546918189723
1232	1232	20.6	0.619546918189723
1233	1233	20.6	0.619546918189723
1234	1234	20.6	0.619546918189723
1235	1235	20.6	0.619546918189723
1236	1236	20.6	0.619546918189723
1237	1237	20.6	0.619546918189723
1238	1238	20.6	0.619546918189723
1239	1239	20.6	0.619546918189723
1240	1240	20.6	0.619546918189723
1241	1241	20.6	0.619546918189723
1242	1242	20.61	0.617832640540439
1243	1243	20.61	0.617832640540439
1244	1244	20.62	0.615949624071595
1245	1245	20.62	0.615949624071595
1246	1246	20.62	0.615949624071595
1247	1247	20.62	0.615949624071595
1248	1248	20.62	0.615949624071595
1249	1249	20.62	0.615949624071595
1250	1250	20.62	0.615949624071595
1251	1251	20.62	0.615949624071595
1252	1252	20.62	0.615949624071595
1253	1253	20.64	0.611671001553461
1254	1254	20.64	0.611671001553461
1255	1255	20.64	0.611671001553461
1256	1256	20.64	0.611671001553461
1257	1257	20.65	0.609271795844942
1258	1258	20.67	0.569511575249735
1259	1259	20.67	0.569511575249735
1260	1260	20.68	0.566399223876658
1261	1261	20.68	0.566399223876658
1262	1262	20.68	0.566399223876658
1263	1263	20.68	0.566399223876658
1264	1264	20.69	0.563090318750649
1265	1265	20.69	0.563090318750649
1266	1266	20.71	0.555868598672293
1267	1267	20.71	0.555868598672293
1268	1268	20.71	0.555868598672293
1269	1269	20.71	0.555868598672293
1270	1270	20.71	0.555868598672293
1271	1271	20.71	0.555868598672293
1272	1272	20.73	0.509604719068583
1273	1273	20.74	0.484507455822379
1274	1274	20.74	0.484507455822379
1275	1275	20.74	0.484507455822379
1276	1276	20.75	0.479372485441102
1277	1277	20.75	0.479372485441102
1278	1278	20.75	0.479372485441102
1279	1279	20.75	0.479372485441102
1280	1280	20.75	0.479372485441102
1281	1281	20.75	0.479372485441102
1282	1282	20.76	0.47396884353981
1283	1283	20.76	0.47396884353981
1284	1284	20.76	0.47396884353981
1285	1285	20.76	0.47396884353981
1286	1286	20.76	0.47396884353981
1287	1287	20.76	0.47396884353981
1288	1288	20.76	0.47396884353981
1289	1289	20.76	0.47396884353981
1290	1290	20.76	0.47396884353981
1291	1291	20.77	0.446196043338474
1292	1292	20.78	0.439926531974776
1293	1293	20.78	0.439926531974776
1294	1294	20.78	0.439926531974776
1295	1295	20.78	0.439926531974776
1296	1296	20.79	0.433333333333333
1297	1297	20.79	0.433333333333333
1298	1298	20.79	0.433333333333333
1299	1299	20.8	0.426401432711221
1300	1300	20.8	0.426401432711221
1301	1301	20.8	0.426401432711221
1302	1302	20.81	0.419114024647906
1303	1303	20.81	0.419114024647906
1304	1304	20.82	0.386122919665369
1305	1305	20.83	0.377525168068637
1306	1306	20.83	0.377525168068637
1307	1307	20.83	0.377525168068637
1308	1308	20.85	0.358870281282637
1309	1309	20.85	0.358870281282637
1310	1310	20.86	0.348735088019777
1311	1311	20.87	0.337997668989631
1312	1312	20.89	0.31446603773522
1313	1313	20.89	0.31446603773522
1314	1314	20.9	0.301511344577764
1315	1315	20.9	0.301511344577764
1316	1316	20.9	0.301511344577764
1317	1317	20.91	0.287623491264661
1318	1318	20.93	0.256432399976243
1319	1319	20.93	0.256432399976243
1320	1320	20.93	0.256432399976243
1321	1321	20.93	0.256432399976243
1322	1322	20.93	0.256432399976243
1323	1323	20.93	0.256432399976243
1324	1324	20.93	0.256432399976243
1325	1325	20.93	0.256432399976243
1326	1326	20.93	0.256432399976243
1327	1327	20.93	0.256432399976243
1328	1328	20.93	0.256432399976243
1329	1329	20.93	0.256432399976243
1330	1330	20.94	0.238683256575942
1331	1331	20.95	0.21904291355759
1332	1332	20.95	0.21904291355759
1333	1333	20.96	0.196946385566932
1334	1334	20.96	0.196946385566932
1335	1335	20.96	0.196946385566932
1336	1336	20.96	0.196946385566932
1337	1337	20.98	0.14070529413629
1338	1338	20.99	0.1
1339	1339	20.99	0.1
1340	1340	20.99	0.1
1341	1341	21	0
1342	1342	21	0
1343	1343	21	0
1344	1344	21	0
1345	1345	21	0
